$ 1 0.000005 382.76258214399064 34 5 43 5e-11
v 192 192 192 64 0 0 40 36 0 0 0.5
r 192 64 304 64 0 5
r 304 64 304 192 0 4
r 432 64 432 192 0 3
w 432 192 304 192 0
w 304 192 192 192 0
w 128 368 16 368 0
w 256 368 128 368 0
r 128 240 256 240 0 1
r 128 240 128 368 0 4
r 16 240 128 240 0 5
v 16 368 16 240 0 0 40 36 0 0 0.5
p 256 240 256 368 3 0 0 10000000
w 448 368 336 368 0
w 576 368 448 368 0
r 448 240 576 240 0 1
r 448 240 448 368 0 4
r 336 240 448 240 0 5
v 240 592 240 464 0 0 40 16 0 0 0.5
r 368 432 368 512 0 3
r 368 608 368 528 0 3.2222
w 240 592 240 608 0
w 240 608 368 608 0
w 240 464 240 432 0
w 368 512 368 528 0
370 240 432 368 432 3 0 0
p 432 432 432 512 3 0 0 10000000
w 432 432 368 432 0
w 432 512 368 512 0
p 496 96 496 176 3 0 0 10000000
w 496 176 496 192 0
w 496 192 432 192 0
w 496 96 496 64 0
w 496 64 432 64 0
370 384 64 432 64 3 0 0
r 384 64 304 64 0 1
216 576 240 576 368 0 0.01
w 336 368 336 240 0
