11.63075
10.55475
9.788282
9.804265
9.133473
10.43737
10.49023
9.619871
10.37874
9.239555
8.502434
8.985073
9.870681
10.19143
9.902333
9.114299
10.69201
10.35064
11.17809
10.97743
10.94768
10.08852
9.929646
10.84554
10.47707
10.36279
10.13583
10.14013
11.00003
10.51831
12.90057
9.740338
9.135284
10.47196
7.964938
8.182076
11.49314
9.892313
11.31438
11.15808
11.98436
12.40644
9.085737
8.528888
8.875173
10.15403
8.988458
11.67961
9.10157
9.820731
11.51726
10.13805
10.1339
9.650044
9.007753
10.01136
9.310122
11.42424
9.858168
10.42395
10.72814
12.52317
9.609969
10.63414
10.18151
8.948732
9.658919
10.24845
11.33
11.67841
10.82163
9.590622
9.336614
8.622953
11.33803
8.904657
10.84627
10.31906
12.30809
9.504466
10.47979
8.613116
10.66882
11.98699
8.78735
9.489941
10.06041
8.966642
8.411813
10.49264
10.25551
9.899555
10.66028
8.815335
10.78146
9.875549
10.09668
7.513341
9.627844
11.06128
